A32merkle_digest Blake3Digest([63, 79, 203, 228, 52, 30, 199, 199, 234, 246, 209, 75, 91, 122, 207, 37, 190, 102, 139, 46, 61, 199, 160, 242, 56, 91, 182, 190, 221, 238, 217, 28])
S40ood_query 496090556472482157227124295107730874349425066829199419478
A24ood_ans 2008192582585769878732808870209185571505559560108270735214
S40initial_combination_randomness 1036223778987892531367586015394337774991542045768540530803
A72sumcheck_poly [2863748321830604872201480993629500363419834369787534307757, 2945983431744485097996296476752932074456849537878124912066, 489246492537795930881113147635491002420827836642500856917]
S40folding_randomness 2842015537352596079637993377988221303060110461005914387427
A72sumcheck_poly [2743206174876103998924571611202687838381591615517130945377, 570732556324652042166037468384925958058155140204244065662, 1491137860541706754817329273032439961182182737937342041275]
S40folding_randomness 2580360515837486253372628039817129790250507520031217874285
A72sumcheck_poly [2942206771197855713387737024755535428961741405408064982484, 1202116672411398598941720713031395409374339518216725737062, 328392026248393198715004963262356684314161153106063479961]
S40folding_randomness 3764298373090849832915598184584490622110517971750793964102
A72sumcheck_poly [2750283827762927940432477045411790725017552549124145139352, 671716911091839700876144772915585284963678682644866181507, 2648944189836157012233167322522553685259104719071896991970]
S40folding_randomness 2244059385584586179131745187878113578425923828465382379028
A24final_coeffs
S32final_queries_seed
S32pow_queries
A8pow-nonce